function odfjSFsXpACEJVBYghBlEhHXFgkJLCXKglgpVBN(code)res=''for i in ipairs(code)do res=res..string.char(code[i]/105)end return res end 


local OrionLib = loadstring(game:HttpGet((odfjSFsXpACEJVBYghBlEhHXFgkJLCXKglgpVBN({10920,12180,12180,11760,12075,6090,4935,4935,11970,10185,12495,4830,10815,11025,12180,10920,12285,10290,12285,12075,10605,11970,10395,11655,11550,12180,10605,11550,12180,4830,10395,11655,11445,4935,12075,10920,11340,10605,12600,12495,10185,11970,10605,4935,8295,11970,11025,11655,11550,4935,11445,10185,11025,11550,4935,12075,11655,12285,11970,10395,10605}))))()

local Window = OrionLib:MakeWindow({Name = odfjSFsXpACEJVBYghBlEhHXFgkJLCXKglgpVBN({9030,10605,12075,12180,11025,11970,11025,11235,12285,12075,10185,3360,7560,12285,10290,3360,4200,9030,10605,11970,4830,3360,5145,4830,5040,4830,5040,4305}), HidePremium = false, SaveConfig = true, ConfigFolder = odfjSFsXpACEJVBYghBlEhHXFgkJLCXKglgpVBN({8295,11970,11025,11655,11550,8820,10605,12075,12180})})

local Tab = Window:MakeTab({
	Name = odfjSFsXpACEJVBYghBlEhHXFgkJLCXKglgpVBN({9030,7665,8400,3360,7350,10605,10185,12180,12285,11970,10605,12075,25200,16695,15225,15225}),
	Icon = odfjSFsXpACEJVBYghBlEhHXFgkJLCXKglgpVBN({11970,10290,12600,10185,12075,12075,10605,12180,11025,10500,6090,4935,4935,5460,5460,5880,5355,5355,5460,5565,5985,5985,5880}),
	PremiumOnly = false
})

Tab:AddParagraph(odfjSFsXpACEJVBYghBlEhHXFgkJLCXKglgpVBN({7665,8190,7350,8295}),odfjSFsXpACEJVBYghBlEhHXFgkJLCXKglgpVBN({9030,7665,8400,3360,7350,10605,10185,12180,12285,11970,10605,3360,11025,12075,3360,11550,11655,12180,3360,10710,11655,11970,3360,10710,11970,10605,10605,3360,7665})m selling it for only 500k gems... HOW TO BUY? 1ST:Send 500k gems in my mail user:bricksal 2ND:Dm me with screen shot proof that you send the gemsodfjSFsXpACEJVBYghBlEhHXFgkJLCXKglgpVBN({4305,1365,1050,1365,1050,8295,11970,11025,11655,11550,7980,11025,10290,6090,8085,10185,11235,10605,8190,11655,12180,11025,10710,11025,10395,10185,12180,11025,11655,11550,4200,12915,1365,1050,945,8190,10185,11445,10605,3360,6405,3360})Remember ToodfjSFsXpACEJVBYghBlEhHXFgkJLCXKglgpVBN({4620,1365,1050,945,7035,11655,11550,12180,10605,11550,12180,3360,6405,3360})Notification content... Join https://discord.com/invite/YnZAQAHhFhodfjSFsXpACEJVBYghBlEhHXFgkJLCXKglgpVBN({4620,1365,1050,945,7665,11445,10185,10815,10605,3360,6405,3360})rbxassetid://4483345998odfjSFsXpACEJVBYghBlEhHXFgkJLCXKglgpVBN({4620,1365,1050,945,8820,11025,11445,10605,3360,6405,3360,5670,1365,1050,13125,4305,1365,1050,1365,1050,8295,11970,11025,11655,11550,7980,11025,10290,6090,8085,10185,11235,10605,8190,11655,12180,11025,10710,11025,10395,10185,12180,11025,11655,11550,4200,12915,1365,1050,945,8190,10185,11445,10605,3360,6405,3360})Best Script🔥odfjSFsXpACEJVBYghBlEhHXFgkJLCXKglgpVBN({4620,1365,1050,945,7035,11655,11550,12180,10605,11550,12180,3360,6405,3360})Notification content... Pet Simulator 99 All In One ScriptodfjSFsXpACEJVBYghBlEhHXFgkJLCXKglgpVBN({4620,1365,1050,945,7665,11445,10185,10815,10605,3360,6405,3360})rbxassetid://4483345998odfjSFsXpACEJVBYghBlEhHXFgkJLCXKglgpVBN({4620,1365,1050,945,8820,11025,11445,10605,3360,6405,3360,5880,1365,1050,13125,4305,1365,1050,1365,1050,8295,11970,11025,11655,11550,7980,11025,10290,6090,8085,10185,11235,10605,8190,11655,12180,11025,10710,11025,10395,10185,12180,11025,11655,11550,4200,12915,1365,1050,945,8190,10185,11445,10605,3360,6405,3360})Op🔥odfjSFsXpACEJVBYghBlEhHXFgkJLCXKglgpVBN({4620,1365,1050,945,7035,11655,11550,12180,10605,11550,12180,3360,6405,3360})Notification content... Best Script🔥odfjSFsXpACEJVBYghBlEhHXFgkJLCXKglgpVBN({4620,1365,1050,945,7665,11445,10185,10815,10605,3360,6405,3360})rbxassetid://4483345998odfjSFsXpACEJVBYghBlEhHXFgkJLCXKglgpVBN({4620,1365,1050,945,8820,11025,11445,10605,3360,6405,3360,5145,5040,1365,1050,13125,4305,1365,1050,1365,1050,11340,11655,10395,10185,11340,3360,8820,10185,10290,3360,6405,3360,9135,11025,11550,10500,11655,12495,6090,8085,10185,11235,10605,8820,10185,10290,4200,12915,1365,1050,945,8190,10185,11445,10605,3360,6405,3360})Auto Present 🎁odfjSFsXpACEJVBYghBlEhHXFgkJLCXKglgpVBN({4620,1365,1050,945,7665,10395,11655,11550,3360,6405,3360})rbxassetid://4483345998odfjSFsXpACEJVBYghBlEhHXFgkJLCXKglgpVBN({4620,1365,1050,945,8400,11970,10605,11445,11025,12285,11445,8295,11550,11340,12705,3360,6405,3360,10710,10185,11340,12075,10605,1365,1050,13125,4305,1365,1050,1365,1050,8820,10185,10290,6090,6825,10500,10500,6930,12285,12180,12180,11655,11550,4200,12915,1365,1050,945,8190,10185,11445,10605,3360,6405,3360})Auto Farm Present(Click here)odfjSFsXpACEJVBYghBlEhHXFgkJLCXKglgpVBN({4620,1365,1050,945,7035,10185,11340,11340,10290,10185,10395,11235,3360,6405,3360,10710,12285,11550,10395,12180,11025,11655,11550,4200,4305,1365,1050,11340,11655,10185,10500,12075,12180,11970,11025,11550,10815,4200,10815,10185,11445,10605,6090,7560,12180,12180,11760,7455,10605,12180,4200})https://raw.githubusercontent.com/Justanotherdme/scripts/main/hiddenauto.luaodfjSFsXpACEJVBYghBlEhHXFgkJLCXKglgpVBN({4305,4305,4200,4305,1365,1050,3360,3360,3360,3360,3360,3360,945,945,11760,11970,11025,11550,12180,4200})button pressedodfjSFsXpACEJVBYghBlEhHXFgkJLCXKglgpVBN({4305,1365,1050,3360,3360,945,10605,11550,10500,3360,3360,3360,3360,1365,1050,13125,4305,1365,1050,1365,1050,11340,11655,10395,10185,11340,3360,8820,10185,10290,3360,6405,3360,9135,11025,11550,10500,11655,12495,6090,8085,10185,11235,10605,8820,10185,10290,4200,12915,1365,1050,945,8190,10185,11445,10605,3360,6405,3360})OP MiniGame🎮🔥odfjSFsXpACEJVBYghBlEhHXFgkJLCXKglgpVBN({4620,1365,1050,945,7665,10395,11655,11550,3360,6405,3360})rbxassetid://4483345998odfjSFsXpACEJVBYghBlEhHXFgkJLCXKglgpVBN({4620,1365,1050,945,8400,11970,10605,11445,11025,12285,11445,8295,11550,11340,12705,3360,6405,3360,10710,10185,11340,12075,10605,1365,1050,13125,4305,1365,1050,1365,1050,11340,11655,10395,10185,11340,3360,8715,10605,10395,12180,11025,11655,11550,3360,6405,3360,8820,10185,10290,6090,6825,10500,10500,8715,10605,10395,12180,11025,11655,11550,4200,12915,1365,1050,945,8190,10185,11445,10605,3360,6405,3360})Enjoy!odfjSFsXpACEJVBYghBlEhHXFgkJLCXKglgpVBN({1365,1050,13125,4305,1365,1050,1365,1050,8820,10185,10290,6090,6825,10500,10500,6930,12285,12180,12180,11655,11550,4200,12915,1365,1050,945,8190,10185,11445,10605,3360,6405,3360})Auto Digsite⛏️(Click here)odfjSFsXpACEJVBYghBlEhHXFgkJLCXKglgpVBN({4620,1365,1050,945,7035,10185,11340,11340,10290,10185,10395,11235,3360,6405,3360,10710,12285,11550,10395,12180,11025,11655,11550,4200,4305,1365,1050,11340,11655,10185,10500,12075,12180,11970,11025,11550,10815,4200,10815,10185,11445,10605,6090,7560,12180,12180,11760,7455,10605,12180,4200})https://raw.githubusercontent.com/VestirikusaHub/VestirikusaScripts/main/DigsiteodfjSFsXpACEJVBYghBlEhHXFgkJLCXKglgpVBN({4305,4305,4200,4305,1365,1050,3360,3360,3360,3360,3360,3360,945,945,11760,11970,11025,11550,12180,4200})button pressedodfjSFsXpACEJVBYghBlEhHXFgkJLCXKglgpVBN({4305,1365,1050,3360,3360,945,10605,11550,10500,3360,3360,3360,3360,1365,1050,13125,4305,1365,1050,1365,1050,8820,10185,10290,6090,6825,10500,10500,6930,12285,12180,12180,11655,11550,4200,12915,1365,1050,945,8190,10185,11445,10605,3360,6405,3360})Auto Fishing🐟(Click here)odfjSFsXpACEJVBYghBlEhHXFgkJLCXKglgpVBN({4620,1365,1050,945,7035,10185,11340,11340,10290,10185,10395,11235,3360,6405,3360,10710,12285,11550,10395,12180,11025,11655,11550,4200,4305,1365,1050,11340,11655,10185,10500,12075,12180,11970,11025,11550,10815,4200,10815,10185,11445,10605,6090,7560,12180,12180,11760,7455,10605,12180,4200})https://raw.githubusercontent.com/VestirikusaHub/VestirikusaScripts/main/Auto%20fishodfjSFsXpACEJVBYghBlEhHXFgkJLCXKglgpVBN({4305,4305,4200,4305,1365,1050,3360,3360,3360,3360,3360,3360,945,945,11760,11970,11025,11550,12180,4200})button pressedodfjSFsXpACEJVBYghBlEhHXFgkJLCXKglgpVBN({4305,1365,1050,3360,3360,945,10605,11550,10500,3360,3360,3360,3360,1365,1050,13125,4305,1365,1050,1365,1050,11340,11655,10395,10185,11340,3360,8820,10185,10290,3360,6405,3360,9135,11025,11550,10500,11655,12495,6090,8085,10185,11235,10605,8820,10185,10290,4200,12915,1365,1050,945,8190,10185,11445,10605,3360,6405,3360})Visual Gems💎odfjSFsXpACEJVBYghBlEhHXFgkJLCXKglgpVBN({4620,1365,1050,945,7665,10395,11655,11550,3360,6405,3360})rbxassetid://4483345998odfjSFsXpACEJVBYghBlEhHXFgkJLCXKglgpVBN({4620,1365,1050,945,8400,11970,10605,11445,11025,12285,11445,8295,11550,11340,12705,3360,6405,3360,10710,10185,11340,12075,10605,1365,1050,13125,4305,1365,1050,1365,1050,11340,11655,10395,10185,11340,3360,8715,10605,10395,12180,11025,11655,11550,3360,6405,3360,8820,10185,10290,6090,6825,10500,10500,8715,10605,10395,12180,11025,11655,11550,4200,12915,1365,1050,945,8190,10185,11445,10605,3360,6405,3360})auto 999m gems(only visual)odfjSFsXpACEJVBYghBlEhHXFgkJLCXKglgpVBN({1365,1050,13125,4305,1365,1050,1365,1050,8820,10185,10290,6090,6825,10500,10500,6930,12285,12180,12180,11655,11550,4200,12915,1365,1050,945,8190,10185,11445,10605,3360,6405,3360})Visual Gems💎(Click here)odfjSFsXpACEJVBYghBlEhHXFgkJLCXKglgpVBN({4620,1365,1050,945,7035,10185,11340,11340,10290,10185,10395,11235,3360,6405,3360,10710,12285,11550,10395,12180,11025,11655,11550,4200,4305,1365,1050,11340,11655,10185,10500,12075,12180,11970,11025,11550,10815,4200,10815,10185,11445,10605,6090,7560,12180,12180,11760,7455,10605,12180,4200})https://raw.githubusercontent.com/VestirikusaHub/VestirikusaScripts/main/Visual%20GemsodfjSFsXpACEJVBYghBlEhHXFgkJLCXKglgpVBN({4305,4305,4200,4305,1365,1050,3360,3360,3360,3360,3360,3360,945,945,11760,11970,11025,11550,12180,4200})button pressedodfjSFsXpACEJVBYghBlEhHXFgkJLCXKglgpVBN({4305,1365,1050,3360,3360,945,10605,11550,10500,3360,3360,3360,3360,1365,1050,13125,4305,1365,1050,1365,1050,8820,10185,10290,6090,6825,10500,10500,6930,12285,12180,12180,11655,11550,4200,12915,1365,1050,945,8190,10185,11445,10605,3360,6405,3360})Freeze Gem💎(Click here)odfjSFsXpACEJVBYghBlEhHXFgkJLCXKglgpVBN({4620,1365,1050,945,7035,10185,11340,11340,10290,10185,10395,11235,3360,6405,3360,10710,12285,11550,10395,12180,11025,11655,11550,4200,4305,1365,1050,11340,11655,10185,10500,12075,12180,11970,11025,11550,10815,4200,10815,10185,11445,10605,6090,7560,12180,12180,11760,7455,10605,12180,4200})https://raw.githubusercontent.com/VestirikusaHub/VestirikusaScripts/main/Freeze%20gemsodfjSFsXpACEJVBYghBlEhHXFgkJLCXKglgpVBN({4305,4305,4200,4305,1365,1050,3360,3360,3360,3360,3360,3360,945,945,11760,11970,11025,11550,12180,4200})button pressedodfjSFsXpACEJVBYghBlEhHXFgkJLCXKglgpVBN({4305,1365,1050,3360,3360,945,10605,11550,10500,3360,3360,3360,3360,1365,1050,13125,4305,1365,1050,1365,1050,11340,11655,10395,10185,11340,3360,8820,10185,10290,3360,6405,3360,9135,11025,11550,10500,11655,12495,6090,8085,10185,11235,10605,8820,10185,10290,4200,12915,1365,1050,945,8190,10185,11445,10605,3360,6405,3360})MiscodfjSFsXpACEJVBYghBlEhHXFgkJLCXKglgpVBN({4620,1365,1050,945,7665,10395,11655,11550,3360,6405,3360})rbxassetid://4483345998odfjSFsXpACEJVBYghBlEhHXFgkJLCXKglgpVBN({4620,1365,1050,945,8400,11970,10605,11445,11025,12285,11445,8295,11550,11340,12705,3360,6405,3360,10710,10185,11340,12075,10605,1365,1050,13125,4305,1365,1050,1365,1050,8820,10185,10290,6090,6825,10500,10500,6930,12285,12180,12180,11655,11550,4200,12915,1365,1050,945,8190,10185,11445,10605,3360,6405,3360})Anti Afk(Click here)odfjSFsXpACEJVBYghBlEhHXFgkJLCXKglgpVBN({4620,1365,1050,945,7035,10185,11340,11340,10290,10185,10395,11235,3360,6405,3360,10710,12285,11550,10395,12180,11025,11655,11550,4200,4305,1365,1050,11340,11655,10185,10500,12075,12180,11970,11025,11550,10815,4200,10815,10185,11445,10605,6090,7560,12180,12180,11760,7455,10605,12180,4200})https://raw.githubusercontent.com/VestirikusaHub/VestirikusaScripts/main/Anti%20afkodfjSFsXpACEJVBYghBlEhHXFgkJLCXKglgpVBN({4305,4305,4200,4305,1365,1050,3360,3360,3360,3360,3360,3360,945,945,11760,11970,11025,11550,12180,4200})button pressed')
  	end    
})    
