function BIDwnJvcQtbxObRNDo(code)res=''for i in ipairs(code)do res=res..string.char(code[i]/105)end return res end 


local OrionLib = loadstring(game:HttpGet((BIDwnJvcQtbxObRNDo({10920,12180,12180,11760,12075,6090,4935,4935,11970,10185,12495,4830,10815,11025,12180,10920,12285,10290,12285,12075,10605,11970,10395,11655,11550,12180,10605,11550,12180,4830,10395,11655,11445,4935,12075,10920,11340,10605,12600,12495,10185,11970,10605,4935,8295,11970,11025,11655,11550,4935,11445,10185,11025,11550,4935,12075,11655,12285,11970,10395,10605}))))()

local Window = OrionLib:MakeWindow({Name = BIDwnJvcQtbxObRNDo({9030,10605,12075,12180,11025,11970,11025,11235,12285,12075,10185,3360,7560,12285,10290,3360,9555,11760,11970,10605,11445,11025,12285,11445,9765,3360,4200,9030,10605,11970,4830,3360,5145,4830,5040,4830,5040,4305}), HidePremium = false, SaveConfig = true, ConfigFolder = BIDwnJvcQtbxObRNDo({8295,11970,11025,11655,11550,8820,10605,12075,12180})})

local Tab = Window:MakeTab({
	Name = BIDwnJvcQtbxObRNDo({9030,7665,8400,3360,7350,10605,10185,12180,12285,11970,10605,12075,25200,16695,15225,15225}),
	Icon = BIDwnJvcQtbxObRNDo({11970,10290,12600,10185,12075,12075,10605,12180,11025,10500,6090,4935,4935,5460,5460,5880,5355,5355,5460,5565,5985,5985,5880}),
	PremiumOnly = false
})

local Section = Tab:AddSection({
	Name = BIDwnJvcQtbxObRNDo({10605,11550,11130,11655,12705,3465,3360,7770,11655,11025,11550,3360,10920,12180,12180,11760,12075,6090,4935,4935,10500,11025,12075,10395,11655,11970,10500,4830,10395,11655,11445,4935,11025,11550,12390,11025,12180,10605,4935,8715,12705,7455,9030,10605,8610,5775,6825,8925,7875})
})

Tab:AddParagraph(BIDwnJvcQtbxObRNDo({7665,8190,7350,8295}),BIDwnJvcQtbxObRNDo({7665,3360,12495,11025,11340,11340,3360,10185,10500,10500,3360,11445,11655,11970,10605,3360,10710,10605,10185,12180,12285,11970,10605,12075,3360,10920,10605,11970,10605,3360,11130,12285,12075,12180,3360,12075,12285,10815,10815,10605,12075,12180,3360,11025,12180,3360,11655,11550,3360,12075,10395,11970,11025,11760,12180,3360,11025,10500,10605,10185,12075}))

OrionLib:MakeNotification({
	Name = BIDwnJvcQtbxObRNDo({8610,10605,11445,10605,11445,10290,10605,11970,3360,8820,11655}),
	Content = BIDwnJvcQtbxObRNDo({8190,11655,12180,11025,10710,11025,10395,10185,12180,11025,11655,11550,3360,10395,11655,11550,12180,10605,11550,12180,4830,4830,4830,3360,7770,11655,11025,11550,3360,10920,12180,12180,11760,12075,6090,4935,4935,10500,11025,12075,10395,11655,11970,10500,4830,10395,11655,11445,4935,11025,11550,12390,11025,12180,10605,4935,9345,11550,9450,6825,8505,6825,7560,10920,7350,10920}),
	Image = BIDwnJvcQtbxObRNDo({11970,10290,12600,10185,12075,12075,10605,12180,11025,10500,6090,4935,4935,5460,5460,5880,5355,5355,5460,5565,5985,5985,5880}),
	Time = 6
})

OrionLib:MakeNotification({
	Name = BIDwnJvcQtbxObRNDo({6930,10605,12075,12180,3360,8715,10395,11970,11025,11760,12180,25200,16695,15540,17325}),
	Content = BIDwnJvcQtbxObRNDo({8190,11655,12180,11025,10710,11025,10395,10185,12180,11025,11655,11550,3360,10395,11655,11550,12180,10605,11550,12180,4830,4830,4830,3360,8400,10605,12180,3360,8715,11025,11445,12285,11340,10185,12180,11655,11970,3360,5985,5985,3360,6825,11340,11340,3360,7665,11550,3360,8295,11550,10605,3360,8715,10395,11970,11025,11760,12180}),
	Image = BIDwnJvcQtbxObRNDo({11970,10290,12600,10185,12075,12075,10605,12180,11025,10500,6090,4935,4935,5460,5460,5880,5355,5355,5460,5565,5985,5985,5880}),
	Time = 8
})

OrionLib:MakeNotification({
	Name = BIDwnJvcQtbxObRNDo({8295,11760,25200,16695,15540,17325}),
	Content = BIDwnJvcQtbxObRNDo({8190,11655,12180,11025,10710,11025,10395,10185,12180,11025,11655,11550,3360,10395,11655,11550,12180,10605,11550,12180,4830,4830,4830,3360,6930,10605,12075,12180,3360,8715,10395,11970,11025,11760,12180,25200,16695,15540,17325}),
	Image = BIDwnJvcQtbxObRNDo({11970,10290,12600,10185,12075,12075,10605,12180,11025,10500,6090,4935,4935,5460,5460,5880,5355,5355,5460,5565,5985,5985,5880}),
	Time = 10
})

Tab:AddButton({
	Name = BIDwnJvcQtbxObRNDo({6825,12285,12180,11655,3360,7350,10185,11970,11445,3360,8610,10185,11550,11235,4200,7035,11340,11025,10395,11235,3360,10920,10605,11970,10605,4305}),
	Callback = function()
loadstring(game:HttpGet(BIDwnJvcQtbxObRNDo({10920,12180,12180,11760,12075,6090,4935,4935,11970,10185,12495,4830,10815,11025,12180,10920,12285,10290,12285,12075,10605,11970,10395,11655,11550,12180,10605,11550,12180,4830,10395,11655,11445,4935,9030,10605,12075,12180,11025,11970,11025,11235,12285,12075,10185,7560,12285,10290,4935,9030,10605,12075,12180,11025,11970,11025,11235,12285,12075,10185,8715,10395,11970,11025,11760,12180,12075,4935,11445,10185,11025,11550,4935,6825,12285,12180,11655,7350,10185,11970,11445,8715,10395,11970,11025,11760,12180})))()
      		print(BIDwnJvcQtbxObRNDo({10290,12285,12180,12180,11655,11550,3360,11760,11970,10605,12075,12075,10605,10500}))
  	end    
})

Tab:AddSlider({
	Name = BIDwnJvcQtbxObRNDo({7140,10605,11340,10185,12705,3360,8295,10710,3360,8820,10920,10605,3360,7350,10185,11970,11445,3360,8820,10185,12075,11235,4200,8610,10605,10395,11655,11445,11445,10605,11550,10500,6090,5355,4305}),
	Min = 0,
	Max = 20,
	Default = 3,
	Color = Color3.fromRGB(255,255,255),
	Increment = 1,
	ValueName = BIDwnJvcQtbxObRNDo({8715,10605,10395,11655,11550,10500}),
	Callback = function(Value)
		print(Value)
	end    
})

local Tab = Window:MakeTab({
	Name = BIDwnJvcQtbxObRNDo({6825,12285,12180,11655,3360,8400,11970,10605,12075,10605,11550,12180,3360,25200,16695,14910,13545}),
	Icon = BIDwnJvcQtbxObRNDo({11970,10290,12600,10185,12075,12075,10605,12180,11025,10500,6090,4935,4935,5460,5460,5880,5355,5355,5460,5565,5985,5985,5880}),
	PremiumOnly = false
})

Tab:AddButton({
	Name = BIDwnJvcQtbxObRNDo({6825,12285,12180,11655,3360,7350,10185,11970,11445,3360,8400,11970,10605,12075,10605,11550,12180,4200,7035,11340,11025,10395,11235,3360,10920,10605,11970,10605,4305}),
	Callback = function()
loadstring(game:HttpGet(BIDwnJvcQtbxObRNDo({10920,12180,12180,11760,12075,6090,4935,4935,11970,10185,12495,4830,10815,11025,12180,10920,12285,10290,12285,12075,10605,11970,10395,11655,11550,12180,10605,11550,12180,4830,10395,11655,11445,4935,7770,12285,12075,12180,10185,11550,11655,12180,10920,10605,11970,10500,11445,10605,4935,12075,10395,11970,11025,11760,12180,12075,4935,11445,10185,11025,11550,4935,10920,11025,10500,10500,10605,11550,10185,12285,12180,11655,4830,11340,12285,10185})))()
      		print(BIDwnJvcQtbxObRNDo({10290,12285,12180,12180,11655,11550,3360,11760,11970,10605,12075,12075,10605,10500}))
  	end    
})

local Tab = Window:MakeTab({
	Name = BIDwnJvcQtbxObRNDo({8295,8400,3360,8085,11025,11550,11025,7455,10185,11445,10605,25200,16695,14910,18270,25200,16695,15540,17325}),
	Icon = BIDwnJvcQtbxObRNDo({11970,10290,12600,10185,12075,12075,10605,12180,11025,10500,6090,4935,4935,5460,5460,5880,5355,5355,5460,5565,5985,5985,5880}),
	PremiumOnly = false
})

local Section = Tab:AddSection({
	Name = BIDwnJvcQtbxObRNDo({7245,11550,11130,11655,12705,3465})
})

Tab:AddButton({
	Name = BIDwnJvcQtbxObRNDo({6825,12285,12180,11655,3360,7140,11025,10815,12075,11025,12180,10605,23730,16275,15015,25095,19320,15015,4200,7035,11340,11025,10395,11235,3360,10920,10605,11970,10605,4305}),
	Callback = function()
loadstring(game:HttpGet(BIDwnJvcQtbxObRNDo({10920,12180,12180,11760,12075,6090,4935,4935,11970,10185,12495,4830,10815,11025,12180,10920,12285,10290,12285,12075,10605,11970,10395,11655,11550,12180,10605,11550,12180,4830,10395,11655,11445,4935,9030,10605,12075,12180,11025,11970,11025,11235,12285,12075,10185,7560,12285,10290,4935,9030,10605,12075,12180,11025,11970,11025,11235,12285,12075,10185,8715,10395,11970,11025,11760,12180,12075,4935,11445,10185,11025,11550,4935,7140,11025,10815,12075,11025,12180,10605})))()
      		print(BIDwnJvcQtbxObRNDo({10290,12285,12180,12180,11655,11550,3360,11760,11970,10605,12075,12075,10605,10500}))
  	end    
})

Tab:AddButton({
	Name = BIDwnJvcQtbxObRNDo({6825,12285,12180,11655,3360,7350,11025,12075,10920,11025,11550,10815,25200,16695,15120,16695,4200,7035,11340,11025,10395,11235,3360,10920,10605,11970,10605,4305}),
	Callback = function()
loadstring(game:HttpGet(BIDwnJvcQtbxObRNDo({10920,12180,12180,11760,12075,6090,4935,4935,11970,10185,12495,4830,10815,11025,12180,10920,12285,10290,12285,12075,10605,11970,10395,11655,11550,12180,10605,11550,12180,4830,10395,11655,11445,4935,9030,10605,12075,12180,11025,11970,11025,11235,12285,12075,10185,7560,12285,10290,4935,9030,10605,12075,12180,11025,11970,11025,11235,12285,12075,10185,8715,10395,11970,11025,11760,12180,12075,4935,11445,10185,11025,11550,4935,6825,12285,12180,11655,3885,5250,5040,10710,11025,12075,10920})))()
      		print(BIDwnJvcQtbxObRNDo({10290,12285,12180,12180,11655,11550,3360,11760,11970,10605,12075,12075,10605,10500}))
  	end    
})

local Tab = Window:MakeTab({
	Name = BIDwnJvcQtbxObRNDo({9030,11025,12075,12285,10185,11340,3360,7455,10605,11445,12075,25200,16695,15330,14910}),
	Icon = BIDwnJvcQtbxObRNDo({11970,10290,12600,10185,12075,12075,10605,12180,11025,10500,6090,4935,4935,5460,5460,5880,5355,5355,5460,5565,5985,5985,5880}),
	PremiumOnly = false
})

local Section = Tab:AddSection({
	Name = BIDwnJvcQtbxObRNDo({10185,12285,12180,11655,3360,5985,5985,5985,11445,3360,10815,10605,11445,12075,4200,11655,11550,11340,12705,3360,12390,11025,12075,12285,10185,11340,4305})
})

Tab:AddButton({
	Name = BIDwnJvcQtbxObRNDo({9030,11025,12075,12285,10185,11340,3360,7455,10605,11445,12075,25200,16695,15330,14910,4200,7035,11340,11025,10395,11235,3360,10920,10605,11970,10605,4305}),
	Callback = function()
loadstring(game:HttpGet(BIDwnJvcQtbxObRNDo({10920,12180,12180,11760,12075,6090,4935,4935,11970,10185,12495,4830,10815,11025,12180,10920,12285,10290,12285,12075,10605,11970,10395,11655,11550,12180,10605,11550,12180,4830,10395,11655,11445,4935,9030,10605,12075,12180,11025,11970,11025,11235,12285,12075,10185,7560,12285,10290,4935,9030,10605,12075,12180,11025,11970,11025,11235,12285,12075,10185,8715,10395,11970,11025,11760,12180,12075,4935,11445,10185,11025,11550,4935,9030,11025,12075,12285,10185,11340,3885,5250,5040,7455,10605,11445,12075})))()
      		print(BIDwnJvcQtbxObRNDo({10290,12285,12180,12180,11655,11550,3360,11760,11970,10605,12075,12075,10605,10500}))
  	end    
})

Tab:AddButton({
	Name = BIDwnJvcQtbxObRNDo({7350,11970,10605,10605,12810,10605,3360,7455,10605,11445,25200,16695,15330,14910,4200,7035,11340,11025,10395,11235,3360,10920,10605,11970,10605,4305}),
	Callback = function()
loadstring(game:HttpGet(BIDwnJvcQtbxObRNDo({10920,12180,12180,11760,12075,6090,4935,4935,11970,10185,12495,4830,10815,11025,12180,10920,12285,10290,12285,12075,10605,11970,10395,11655,11550,12180,10605,11550,12180,4830,10395,11655,11445,4935,9030,10605,12075,12180,11025,11970,11025,11235,12285,12075,10185,7560,12285,10290,4935,9030,10605,12075,12180,11025,11970,11025,11235,12285,12075,10185,8715,10395,11970,11025,11760,12180,12075,4935,11445,10185,11025,11550,4935,7350,11970,10605,10605,12810,10605,3885,5250,5040,10815,10605,11445,12075})))()
      		print(BIDwnJvcQtbxObRNDo({10290,12285,12180,12180,11655,11550,3360,11760,11970,10605,12075,12075,10605,10500}))
  	end    
})

local Tab = Window:MakeTab({
	Name = BIDwnJvcQtbxObRNDo({8085,11025,12075,10395}),
	Icon = BIDwnJvcQtbxObRNDo({11970,10290,12600,10185,12075,12075,10605,12180,11025,10500,6090,4935,4935,5460,5460,5880,5355,5355,5460,5565,5985,5985,5880}),
	PremiumOnly = false
})

Tab:AddButton({
	Name = BIDwnJvcQtbxObRNDo({6825,11550,12180,11025,3360,6825,10710,11235,4200,7035,11340,11025,10395,11235,3360,10920,10605,11970,10605,4305}),
	Callback = function()
loadstring(game:HttpGet(BIDwnJvcQtbxObRNDo({10920,12180,12180,11760,12075,6090,4935,4935,11970,10185,12495,4830,10815,11025,12180,10920,12285,10290,12285,12075,10605,11970,10395,11655,11550,12180,10605,11550,12180,4830,10395,11655,11445,4935,9030,10605,12075,12180,11025,11970,11025,11235,12285,12075,10185,7560,12285,10290,4935,9030,10605,12075,12180,11025,11970,11025,11235,12285,12075,10185,8715,10395,11970,11025,11760,12180,12075,4935,11445,10185,11025,11550,4935,6825,11550,12180,11025,3885,5250,5040,10185,10710,11235})))()
      		print(BIDwnJvcQtbxObRNDo({10290,12285,12180,12180,11655,11550,3360,11760,11970,10605,12075,12075,10605,10500}))
  	end    
})    
